t,x_true,vx_true,y_true,vy_true,x_filt_r,vx_filt_r,y_filt_r,vy_filt_r,x_filt_j,vx_filt_j,y_filt_j,vy_filt_j
0,1.0355464220046997,-1.8841686248779297,1.0101380348205566,-3.1473817825317383,0.5476713180541992,0.18634459376335144,-1.2386049032211304,-0.4214340150356293,0.5476713180541992,0.18634459376335144,-1.2386049032211304,-0.4214340150356293
1,-0.9883965253829956,-2.163717269897461,-2.2709240913391113,-3.4147424697875977,1.4359872341156006,0.4580895006656647,-2.8642377853393555,-0.8875996470451355,1.4359872341156006,0.4580895006656647,-2.8642377853393555,-0.8875996470451355
2,-3.1498022079467773,-2.1590940952301025,-5.851182460784912,-3.7457737922668457,-0.47465312480926514,-0.34319809079170227,-4.06594181060791,-0.9938539862632751,-0.47465312480926514,-0.34319809079170227,-4.06594181060791,-0.9938539862632751
3,-5.359048843383789,-2.259399652481079,-9.915352821350098,-4.382566928863525,-0.25535279512405396,-0.17935727536678314,-11.210143089294434,-2.7852866649627686,-0.25535279512405396,-0.17935727536678314,-11.210143089294434,-2.7852866649627686
4,-8.015534400939941,-3.053572654724121,-14.096280097961426,-3.9792866706848145,-7.359336853027344,-1.9681352376937866,-11.064544677734375,-2.028176784515381,-7.359336853027344,-1.9681352376937866,-11.064544677734375,-2.028176784515381
5,-10.819459915161133,-2.5542776584625244,-17.992725372314453,-3.81360125541687,-10.466678619384766,-2.238726854324341,-14.470182418823242,-2.3553597927093506,-10.466678619384766,-2.238726854324341,-14.470182418823242,-2.3553597927093506
6,-13.218199729919434,-2.2432029247283936,-21.708646774291992,-3.6182422637939453,-10.92679500579834,-1.8372694253921509,-18.29288101196289,-2.686558723449707,-10.92679500579834,-1.8372694253921509,-18.29288101196289,-2.686558723449707
7,-15.265217781066895,-1.850832223892212,-25.472131729125977,-3.9087283611297607,-11.261033058166504,-1.5064969062805176,-23.987812042236328,-3.3486123085021973,-11.261033058166504,-1.5064969062805176,-23.987812042236328,-3.3486123085021973
8,-17.127885818481445,-1.8745037317276,-29.12235450744629,-3.3917179107666016,-13.702366828918457,-1.710543155670166,-25.475095748901367,-2.9423413276672363,-13.702366828918457,-1.7105430364608765,-25.475095748901367,-2.9423413276672363
9,-18.94635009765625,-1.7624226808547974,-32.45888137817383,-3.2813334465026855,-17.342615127563477,-2.132204055786133,-30.8726749420166,-3.478837013244629,-17.342613220214844,-2.132204055786133,-30.8726749420166,-3.478837013244629
10,-20.8234920501709,-1.99186110496521,-36.127803802490234,-4.056507587432861,-19.692523956298828,-2.1800010204315186,-33.86835479736328,-3.372760534286499,-19.692523956298828,-2.1800010204315186,-33.86835479736328,-3.372760534286499
11,-23.071598052978516,-2.504349708557129,-40.30289077758789,-4.293668270111084,-21.960350036621094,-2.199380397796631,-39.239234924316406,-3.8136603832244873,-21.960350036621094,-2.199380397796631,-39.239234924316406,-3.8136603832244873
12,-25.39238739013672,-2.1372299194335938,-44.34769058227539,-3.7959365844726562,-26.205591201782227,-2.65256404876709,-43.279293060302734,-3.8638103008270264,-26.205591201782227,-2.65256404876709,-43.279293060302734,-3.8638103008270264
13,-27.47856330871582,-2.0351221561431885,-48.210166931152344,-3.9290153980255127,-25.575620651245117,-1.9236973524093628,-45.51531982421875,-3.5023703575134277,-25.575620651245117,-1.9236974716186523,-45.51531982421875,-3.5023703575134277
14,-29.351415634155273,-1.7105820178985596,-52.23079299926758,-4.112237930297852,-30.436649322509766,-2.5766851902008057,-49.682273864746094,-3.650111675262451,-30.436649322509766,-2.5766851902008057,-49.682273864746094,-3.650111436843872
15,-30.923294067382812,-1.4331743717193604,-56.11772537231445,-3.661621332168579,-29.27332305908203,-1.7449374198913574,-54.906375885009766,-4.0001540184021,-29.27332305908203,-1.7449376583099365,-54.906375885009766,-4.000153541564941
16,-32.083736419677734,-0.8877145648002625,-59.86372756958008,-3.830385208129883,-31.744220733642578,-1.9063782691955566,-59.7318115234375,-4.183682918548584,-31.744220733642578,-1.9063785076141357,-59.7318115234375,-4.183682441711426
17,-33.050540924072266,-1.045892357826233,-63.69926071166992,-3.8406805992126465,-36.41997146606445,-2.52211332321167,-62.79429626464844,-3.934398651123047,-36.41997146606445,-2.522113561630249,-62.79429626464844,-3.9343981742858887
18,-33.87603759765625,-0.6051007509231567,-67.28532409667969,-3.3314430713653564,-35.41765213012695,-1.7386689186096191,-64.85687255859375,-3.5183112621307373,-35.41765213012695,-1.7386691570281982,-64.85686492919922,-3.5183115005493164
19,-34.4194450378418,-0.48171287775039673,-71.06076049804688,-4.21942663192749,-35.51007080078125,-1.3727854490280151,-69.39887237548828,-3.7458293437957764,-35.51007080078125,-1.3727856874465942,-69.39887237548828,-3.7458300590515137
20,-35.03923797607422,-0.7578749656677246,-75.28141021728516,-4.221868991851807,-36.02134704589844,-1.181333065032959,-73.7947769165039,-3.890296459197998,-36.02134704589844,-1.1813329458236694,-73.7947769165039,-3.8902971744537354
21,-35.7193717956543,-0.6023948192596436,-79.73735046386719,-4.690012454986572,-35.3891716003418,-0.778339147567749,-79.72440338134766,-4.343471527099609,-35.3891716003418,-0.7783390283584595,-79.72440338134766,-4.343472480773926
22,-36.401920318603516,-0.7627062201499939,-84.19795989990234,-4.231204032897949,-34.755531311035156,-0.4645768702030182,-82.62062072753906,-4.0218706130981445,-34.755531311035156,-0.464576780796051,-82.62062072753906,-4.021871089935303
23,-36.955074310302734,-0.34359851479530334,-87.89335632324219,-3.1595890522003174,-39.920108795166016,-1.508987545967102,-90.32473754882812,-4.840120792388916,-39.920108795166016,-1.5089874267578125,-90.32473754882812,-4.840121269226074
24,-36.92343521118164,0.4068743884563446,-90.7658920288086,-2.5854761600494385,-41.68589401245117,-1.5660524368286133,-93.81187438964844,-4.539464473724365,-41.68589401245117,-1.5660523176193237,-93.81187438964844,-4.539465427398682
25,-36.798851013183594,-0.15771153569221497,-93.6976318359375,-3.277994155883789,-37.21263122558594,-0.22400081157684326,-97.44295501708984,-4.33760404586792,-37.21263122558594,-0.2240009307861328,-97.44295501708984,-4.337604999542236
26,-37.34041213989258,-0.9254150390625,-97.19487762451172,-3.716498613357544,-38.052459716796875,-0.36085081100463867,-102.05315399169922,-4.3981804847717285,-38.052459716796875,-0.36085090041160583,-102.05315399169922,-4.398180961608887
27,-38.27790451049805,-0.9495733976364136,-100.90644073486328,-3.706632375717163,-34.96169662475586,0.4061734676361084,-108.59933471679688,-4.875513076782227,-34.96169662475586,0.40617337822914124,-108.59933471679688,-4.875513553619385
28,-39.050697326660156,-0.5960109233856201,-104.59596252441406,-3.6724040508270264,-33.68740463256836,0.5990889668464661,-108.90335845947266,-3.859626054763794,-33.68740463256836,0.5990888476371765,-108.90335845947266,-3.859626531600952
29,-39.77722930908203,-0.8570485711097717,-107.78258514404297,-2.700849771499634,-35.7421989440918,0.009335935115814209,-113.16387939453125,-3.948714256286621,-35.7421989440918,0.009335815906524658,-113.16387939453125,-3.9487147331237793
30,-40.43589401245117,-0.4602843225002289,-110.17422485351562,-2.0824203491210938,-39.896827697753906,-0.9159901142120361,-111.87666320800781,-2.785172939300537,-39.896827697753906,-0.9159902334213257,-111.87666320800781,-2.7851734161376953
31,-40.662132263183594,0.0078096091747283936,-112.09722137451172,-1.763578176498413,-41.12203598022461,-0.9847057461738586,-111.52127838134766,-2.0872700214385986,-41.12203598022461,-0.9847058653831482,-111.52127838134766,-2.087270498275757
32,-40.52839279174805,0.2596745193004608,-113.81658172607422,-1.6751457452774048,-41.82017135620117,-0.9210227727890015,-111.17052459716797,-1.5454858541488647,-41.82017135620117,-0.921022891998291,-111.17052459716797,-1.545486330986023
33,-40.44305419921875,-0.08899328112602234,-115.46183776855469,-1.6153639554977417,-43.13048553466797,-1.0075312852859497,-113.00640106201172,-1.6100177764892578,-43.13048553466797,-1.0075314044952393,-113.00640106201172,-1.610018253326416
34,-40.34818649291992,0.27873024344444275,-117.15601348876953,-1.7729886770248413,-44.2052001953125,-1.0224614143371582,-114.11648559570312,-1.4989227056503296,-44.2052001953125,-1.0224615335464478,-114.11648559570312,-1.4989231824874878
35,-40.22096252441406,-0.02427750825881958,-118.73212432861328,-1.3792364597320557,-42.02228546142578,-0.310155987739563,-116.66864013671875,-1.7329742908477783,-42.02228546142578,-0.31015604734420776,-116.66864013671875,-1.7329747676849365
36,-40.312808990478516,-0.15941967070102692,-120.21321105957031,-1.582948088645935,-42.2977409362793,-0.3024444878101349,-119.8655014038086,-2.0582826137542725,-42.2977409362793,-0.30244454741477966,-119.8655014038086,-2.0582830905914307
37,-40.517608642578125,-0.25018131732940674,-121.94036102294922,-1.8713598251342773,-43.4527702331543,-0.49190741777420044,-122.70649719238281,-2.2322187423706055,-43.4527702331543,-0.4919074773788452,-122.70649719238281,-2.2322192192077637
38,-40.63960266113281,0.006198078393936157,-124.11844635009766,-2.4848060607910156,-41.885623931884766,-0.03433963656425476,-124.60618591308594,-2.1583240032196045,-41.885623931884766,-0.03433966636657715,-124.60618591308594,-2.1583244800567627
39,-40.46453094482422,0.34394288063049316,-126.40389251708984,-2.0860724449157715,-41.15864944458008,0.13484157621860504,-127.18292999267578,-2.2513067722320557,-41.15864944458008,0.13484154641628265,-127.18292999267578,-2.251307249069214
40,-40.071834564208984,0.4414435923099518,-128.22628784179688,-1.5587365627288818,-42.46064758300781,-0.1844562143087387,-129.2241973876953,-2.2046332359313965,-42.46064758300781,-0.1844562441110611,-129.2241973876953,-2.2046337127685547
41,-39.743431091308594,0.2153649926185608,-129.92030334472656,-1.8293068408966064,-41.44535827636719,0.08215419948101044,-130.08438110351562,-1.905864953994751,-41.44535827636719,0.08215416967868805,-130.08438110351562,-1.9058654308319092
42,-39.307701110839844,0.6560941338539124,-131.5444793701172,-1.419071078300476,-39.377567291259766,0.5234072208404541,-129.5770263671875,-1.3695924282073975,-39.377567291259766,0.5234072208404541,-129.5770263671875,-1.3695929050445557
43,-38.6922607421875,0.5747843384742737,-132.54063415527344,-0.573239266872406,-35.61077117919922,1.2441604137420654,-130.68203735351562,-1.3107936382293701,-35.61077117919922,1.2441604137420654,-130.68203735351562,-1.3107941150665283
44,-37.94776916503906,0.9142033457756042,-133.27072143554688,-0.8869410753250122,-38.40827178955078,0.34601378440856934,-131.55941772460938,-1.2144789695739746,-38.40827178955078,0.34601378440856934,-131.55941772460938,-1.2144794464111328
45,-36.3544807434082,2.2723727226257324,-134.39370727539062,-1.359007716178894,-34.14644241333008,1.2161955833435059,-135.71475219726562,-1.868004322052002,-34.14644241333008,1.2161955833435059,-135.71475219726562,-1.8680047988891602
46,-33.76662063598633,2.903346061706543,-135.6273956298828,-1.1083745956420898,-31.638185501098633,1.5033204555511475,-133.58912658691406,-0.9805305600166321,-31.638185501098633,1.5033204555511475,-133.58912658691406,-0.9805310368537903
47,-31.16931915283203,2.2912535667419434,-136.7052764892578,-1.0474027395248413,-28.89196014404297,1.7795215845108032,-138.0928955078125,-1.763471245765686,-28.89196014404297,1.7795215845108032,-138.0928955078125,-1.7634717226028442
48,-29.19708251953125,1.65321946144104,-137.29818725585938,-0.13841462135314941,-29.465831756591797,1.2565453052520752,-137.5968780517578,-1.261361837387085,-29.465831756591797,1.2565453052520752,-137.5968780517578,-1.2613623142242432
49,-27.200349807739258,2.3402457237243652,-137.3280792236328,0.07862454652786255,-29.36458969116211,0.9998109936714172,-135.35133361816406,-0.4820479154586792,-29.36458969116211,0.9998109936714172,-135.35133361816406,-0.4820483922958374
50,-24.582714080810547,2.895026683807373,-136.73622131347656,1.1050982475280762,-27.094324111938477,1.2821342945098877,-135.23580932617188,-0.34925615787506104,-27.094324111938477,1.2821342945098877,-135.23582458496094,-0.34925544261932373
51,-21.384029388427734,3.502342939376831,-135.5200653076172,1.3271989822387695,-25.195682525634766,1.4191358089447021,-137.7056427001953,-0.8204963803291321,-25.195682525634766,1.4191358089447021,-137.70565795898438,-0.8204944133758545
52,-17.91893768310547,3.4278414249420166,-134.3754119873047,0.9621202945709229,-19.520681381225586,2.3648836612701416,-137.6316680908203,-0.6217268705368042,-19.520679473876953,2.3648836612701416,-137.63168334960938,-0.6217236518859863
53,-14.615070343017578,3.1798932552337646,-133.1446990966797,1.4992796182632446,-11.74575424194336,3.5671157836914062,-139.49667358398438,-0.8980110883712769,-11.745752334594727,3.567115545272827,-139.49667358398438,-0.8980066180229187
54,-11.52929973602295,2.991647481918335,-131.7400665283203,1.3099780082702637,-9.044695854187012,3.3746585845947266,-138.37667846679688,-0.4495638310909271,-9.044694900512695,3.3746581077575684,-138.37667846679688,-0.44955936074256897
55,-8.659037590026855,2.748875617980957,-130.78433227539062,0.6014847159385681,-2.1734282970428467,4.1516828536987305,-138.34091186523438,-0.34171104431152344,-2.1734273433685303,4.151682376861572,-138.3408966064453,-0.3417077958583832
56,-6.518009662628174,1.5331802368164062,-130.02340698242188,0.9203511476516724,-5.4609527587890625,2.498525619506836,-135.11273193359375,0.45159584283828735,-5.460953712463379,2.4985251426696777,-135.11273193359375,0.45159783959388733
57,-5.056062698364258,1.3907138109207153,-128.91688537597656,1.2926967144012451,-1.4433932304382324,2.8360886573791504,-130.63058471679688,1.3472726345062256,-1.4433939456939697,2.8360884189605713,-130.63058471679688,1.347274661064148
58,-3.364206552505493,1.992998719215393,-127.88211822509766,0.776839554309845,-0.13182032108306885,2.497307300567627,-126.44287109375,1.9784817695617676,-0.1318211555480957,2.497307300567627,-126.44287109375,1.9784836769104004
59,-1.1458266973495483,2.443761110305786,-127.27816772460938,0.43105366826057434,3.5053153038024902,2.7506024837493896,-123.51873016357422,2.1886281967163086,3.505314826965332,2.7506024837493896,-123.51873016357422,2.1886301040649414
60,0.9624190926551819,1.7727304697036743,-126.85385131835938,0.41758424043655396,3.616243362426758,2.164008140563965,-123.68862915039062,1.6645102500915527,3.6162428855895996,2.164008140563965,-123.68862915039062,1.6645121574401855
61,2.4975943565368652,1.2976200580596924,-126.26551818847656,0.7590771317481995,7.175112247467041,2.4739773273468018,-123.08280181884766,1.4292465448379517,7.175112247467041,2.4739773273468018,-123.08280181884766,1.4292484521865845
62,3.6184024810791016,0.9439963102340698,-125.17428588867188,1.4233787059783936,5.652581691741943,1.5858644247055054,-120.12899017333984,1.7680392265319824,5.652581214904785,1.5858644247055054,-120.12899017333984,1.7680411338806152
63,4.399989604949951,0.6191772818565369,-123.82371520996094,1.2777587175369263,4.460930824279785,0.9686387777328491,-120.18460845947266,1.3627822399139404,4.460929870605469,0.9686387777328491,-120.18460845947266,1.3627835512161255
64,4.77782678604126,0.1364974081516266,-122.2096939086914,1.950284481048584,2.5768325328826904,0.3346971869468689,-121.25653076171875,0.8217355012893677,2.576831579208374,0.33469724655151367,-121.25653076171875,0.8217368125915527
65,5.026371479034424,0.3605915904045105,-120.04859924316406,2.3719046115875244,3.7331535816192627,0.5172802209854126,-119.29013061523438,1.0761044025421143,3.7331531047821045,0.5172803997993469,-119.29013061523438,1.0761057138442993
66,5.195950031280518,-0.02143457531929016,-117.73433685302734,2.256629467010498,4.071018218994141,0.47741010785102844,-118.0588150024414,1.110595941543579,4.071018218994141,0.47741031646728516,-118.0588150024414,1.1105972528457642
67,4.813264846801758,-0.7439351081848145,-115.74962615966797,1.7127923965454102,4.188647270202637,0.39745867252349854,-115.7354736328125,1.380094289779663,4.188647270202637,0.39745891094207764,-115.7354736328125,1.3800954818725586
68,4.469420909881592,0.056247591972351074,-114.02227020263672,1.741914987564087,2.484187602996826,-0.06963425874710083,-115.43256378173828,1.1407198905944824,2.484187602996826,-0.06963405013084412,-115.43256378173828,1.140721082687378
69,4.874927520751953,0.7547649145126343,-111.88446044921875,2.5337119102478027,3.888446807861328,0.25789761543273926,-113.77349853515625,1.255908489227295,3.8884472846984863,0.25789782404899597,-113.77349090576172,1.2559090852737427
70,5.742459774017334,0.9802992343902588,-109.43917083740234,2.3568575382232666,8.302614212036133,1.1815133094787598,-109.10872650146484,2.0134341716766357,8.302616119384766,1.1815134286880493,-109.10871887207031,2.0134334564208984
71,6.785391330718994,1.1055634021759033,-106.7848892211914,2.9516987800598145,10.644989013671875,1.4394826889038086,-107.9784927368164,1.8171677589416504,10.644990921020508,1.439482569694519,-107.97848510742188,1.8171663284301758
72,8.040253639221191,1.4041602611541748,-104.2353515625,2.147383451461792,6.721117973327637,0.24762630462646484,-101.16993713378906,2.926363945007324,6.721117973327637,0.2476259469985962,-101.16993713378906,2.9263620376586914
73,9.65378189086914,1.8228950500488281,-102.15402221679688,2.0152697563171387,7.801708698272705,0.4327295422554016,-97.8799057006836,3.0071792602539062,7.801708698272705,0.43272918462753296,-97.8799057006836,3.0071773529052734
74,11.429141998291016,1.727825403213501,-99.8620834350586,2.568613290786743,13.18291187286377,1.5323903560638428,-96.62969970703125,2.6167404651641846,13.182912826538086,1.5323901176452637,-96.62969970703125,2.6167385578155518
75,13.233403205871582,1.88069748878479,-97.64185333251953,1.8718507289886475,16.360506057739258,1.8979911804199219,-93.55545043945312,2.718409776687622,16.360506057739258,1.8979908227920532,-93.55545043945312,2.7184078693389893
76,15.753469467163086,3.159435749053955,-95.4442138671875,2.523430824279785,17.257795333862305,1.6756128072738647,-93.68183135986328,2.0862345695495605,17.257793426513672,1.675612449645996,-93.68183135986328,2.0862326622009277
77,18.926977157592773,3.1875789165496826,-92.80194854736328,2.7610983848571777,20.44917106628418,2.012448787689209,-89.8244857788086,2.4798150062561035,20.449169158935547,2.01244854927063,-89.8244857788086,2.4798130989074707
78,22.258460998535156,3.475388526916504,-90.0010986328125,2.8405919075012207,21.119239807128906,1.7141422033309937,-91.41498565673828,1.575300931930542,21.119239807128906,1.714142084121704,-91.41498565673828,1.5752990245819092
79,25.659692764282227,3.327075958251953,-86.69342041015625,3.774773120880127,23.92546844482422,1.9568283557891846,-89.97552490234375,1.5451147556304932,23.92547035217285,1.956828236579895,-89.97552490234375,1.5451128482818604
80,28.985597610473633,3.324733018875122,-82.65182495117188,4.308422088623047,29.202871322631836,2.6947336196899414,-85.3961181640625,2.219402313232422,29.20287322998047,2.6947333812713623,-85.3961181640625,2.219400405883789
81,32.17786407470703,3.059800148010254,-78.23814392089844,4.518936634063721,31.747047424316406,2.66127610206604,-80.35926818847656,2.845500946044922,31.747047424316406,2.661275863647461,-80.3592758178711,2.8454995155334473
82,34.96106719970703,2.5066041946411133,-73.86331176757812,4.230723857879639,34.087406158447266,2.589960813522339,-77.95771026611328,2.7468466758728027,34.087406158447266,2.5899605751037598,-77.95771789550781,2.7468466758728027
83,37.33789825439453,2.2470571994781494,-69.34390258789062,4.808108806610107,35.55116653442383,2.339693784713745,-71.94859313964844,3.4717960357666016,35.55116653442383,2.339693546295166,-71.94859313964844,3.4717965126037598
84,39.5825309753418,2.2422051429748535,-64.49225616455078,4.895188331604004,39.5569953918457,2.7099456787109375,-66.31732940673828,3.95167875289917,39.5569953918457,2.7099452018737793,-66.31732940673828,3.951679229736328
85,41.832969665527344,2.2586708068847656,-59.447235107421875,5.194859504699707,43.21572494506836,2.9207868576049805,-63.08395767211914,3.792055130004883,43.21572494506836,2.9207863807678223,-63.08395767211914,3.792055606842041
86,44.21335983276367,2.502105951309204,-54.33428955078125,5.031033515930176,45.37184143066406,2.7508597373962402,-57.45530700683594,4.200186729431152,45.37184143066406,2.750859260559082,-57.45530700683594,4.2001872062683105
87,46.6934700012207,2.4581124782562256,-49.39060592651367,4.8563385009765625,46.562530517578125,2.4041552543640137,-52.554561614990234,4.355866432189941,46.562530517578125,2.4041547775268555,-52.554561614990234,4.3558669090271
88,49.338314056396484,2.8315813541412354,-44.70912170410156,4.5066304206848145,47.669464111328125,2.1158833503723145,-47.03176498413086,4.615184783935547,47.669464111328125,2.1158828735351562,-47.03176498413086,4.615185260772705
89,52.09385681152344,2.6795012950897217,-40.810302734375,3.291010856628418,46.90394973754883,1.4755727052688599,-40.60832214355469,5.017019748687744,46.90394973754883,1.4755722284317017,-40.60832214355469,5.017020225524902
90,54.58637619018555,2.305542230606079,-37.474632263183594,3.38032865524292,50.62614440917969,1.974821925163269,-35.583438873291016,5.018767356872559,50.62614440917969,1.9748218059539795,-35.583438873291016,5.018767833709717
91,56.839637756347656,2.2009801864624023,-34.263336181640625,3.04226016998291,54.63459014892578,2.4267380237579346,-36.68876647949219,3.6578567028045654,54.63459014892578,2.4267380237579346,-36.68877029418945,3.6578571796417236
92,58.9753532409668,2.0704472064971924,-31.05665397644043,3.3711047172546387,55.75199508666992,2.135774612426758,-31.535058975219727,3.9902682304382324,55.75199508666992,2.135774612426758,-31.53506088256836,3.990269184112549
93,60.63901901245117,1.2568880319595337,-27.585880279541016,3.570441484451294,59.333499908447266,2.457047462463379,-28.750734329223633,3.722280502319336,59.333499908447266,2.457047462463379,-28.750736236572266,3.7222816944122314
94,62.09650802612305,1.6580888032913208,-23.808202743530273,3.9849133491516113,60.85333251953125,2.2487781047821045,-26.194164276123047,3.463233709335327,60.85333251953125,2.2487781047821045,-26.194164276123047,3.4632349014282227
95,63.68306350708008,1.5150189399719238,-19.799341201782227,4.032810211181641,63.080360412597656,2.2439441680908203,-20.296308517456055,4.004261016845703,63.080360412597656,2.2439441680908203,-20.296306610107422,4.0042619705200195
96,64.77014923095703,0.659152626991272,-15.587394714355469,4.391081809997559,64.94979095458984,2.160719633102417,-18.20730972290039,3.5786471366882324,64.94979095458984,2.160719633102417,-18.20730972290039,3.578648090362549
97,65.2701416015625,0.34083789587020874,-11.10727310180664,4.569161891937256,69.77046203613281,2.7518200874328613,-14.09575080871582,3.6970717906951904,69.77046203613281,2.7518200874328613,-14.09575080871582,3.697072744369507
98,65.46327209472656,0.045421302318573,-6.303561210632324,5.038261890411377,65.73377990722656,1.2432632446289062,-9.51463794708252,3.8935253620147705,65.73377990722656,1.2432632446289062,-9.514636993408203,3.893526077270508
99,65.38925170898438,-0.1934560239315033,-1.3313864469528198,4.906087398529053,65.58690643310547,0.9343441724777222,-1.8917574882507324,4.722270965576172,65.58690643310547,0.9343441724777222,-1.8917558193206787,4.72227144241333
100,65.18897247314453,-0.20710012316703796,3.5948054790496826,4.946296691894531,69.05664825439453,1.497766375541687,2.079562187194824,4.555392742156982,69.05664825439453,1.497766375541687,2.0795633792877197,4.555393218994141
101,64.709716796875,-0.7514129877090454,8.566572189331055,4.9972357749938965,65.82595825195312,0.44699859619140625,7.90118408203125,4.836777210235596,65.82595825195312,0.44699859619140625,7.901185512542725,4.836777210235596
102,64.4974365234375,0.3268418312072754,13.044078826904297,3.9577760696411133,64.64350128173828,0.08489778637886047,13.245052337646484,4.949464321136475,64.64350128173828,0.08489778637886047,13.2450532913208,4.949463844299316
103,64.7546157836914,0.1875157207250595,17.16268539428711,4.279438018798828,68.4305419921875,0.9075955152511597,14.590350151062012,4.148538112640381,68.4305419921875,0.9075955152511597,14.590349197387695,4.148537635803223
104,64.51358032226562,-0.6695846319198608,21.728361129760742,4.85191535949707,66.74124908447266,0.3305090665817261,17.57502555847168,3.889902114868164,66.74124145507812,0.3305090665817261,17.57502555847168,3.889901638031006
105,63.895267486572266,-0.5670381784439087,26.861604690551758,5.4145708084106445,64.97945404052734,-0.13444635272026062,21.068159103393555,3.801731586456299,64.97944641113281,-0.13444575667381287,21.068159103393555,3.8017311096191406
106,63.236270904541016,-0.7509537935256958,32.26636505126953,5.394946575164795,65.98771667480469,0.11948797106742859,27.961959838867188,4.488858222961426,65.98770904541016,0.1194891631603241,27.961959838867188,4.488857746124268
107,62.82942199707031,-0.06274771690368652,37.672237396240234,5.4168009757995605,63.057376861572266,-0.558252215385437,34.981414794921875,5.051213264465332,63.057373046875,-0.5582504272460938,34.981414794921875,5.051212787628174
108,62.88243865966797,0.1687777191400528,42.80616760253906,4.85105562210083,60.55366516113281,-0.9905767440795898,41.51185989379883,5.379931926727295,60.55366516113281,-0.9905745983123779,41.51185989379883,5.379931449890137
109,62.71939468383789,-0.49486297369003296,47.740596771240234,5.017803192138672,60.0482063293457,-0.8827728033065796,45.63196563720703,5.09997034072876,60.0482063293457,-0.8827709555625916,45.63196563720703,5.099969863891602
110,62.054019927978516,-0.8358898162841797,52.20375442504883,3.908510208129883,59.92423629760742,-0.7141497731208801,54.17707824707031,5.865557670593262,59.92424011230469,-0.714148223400116,54.17707824707031,5.8655571937561035
111,61.44923400878906,-0.37368324398994446,56.12141418457031,3.926801919937134,60.61827087402344,-0.40122008323669434,59.17949676513672,5.673748970031738,60.6182746887207,-0.40121886134147644,59.17949676513672,5.67374849319458
112,60.52748107910156,-1.4698190689086914,60.22893142700195,4.28823184967041,58.501102447509766,-0.7825427055358887,62.241004943847656,5.093250274658203,58.501102447509766,-0.7825417518615723,62.241004943847656,5.093249797821045
113,59.283817291259766,-1.0175076723098755,64.69454193115234,4.642989158630371,59.251556396484375,-0.4418768286705017,67.70706939697266,5.1760969161987305,59.251556396484375,-0.4418758749961853,67.70706176757812,5.1760969161987305
114,58.62836456298828,-0.29339760541915894,69.69627380371094,5.360472679138184,60.508949279785156,-0.064261794090271,70.73897552490234,4.699610233306885,60.508949279785156,-0.06426084041595459,70.73896789550781,4.699610710144043
115,58.360042572021484,-0.24324586987495422,75.48916625976562,6.225308895111084,57.93983459472656,-0.6208959817886353,71.7344970703125,3.8764796257019043,57.93983459472656,-0.6208950281143188,71.73448944091797,3.8764808177948
116,58.31327438354492,0.149709552526474,82.01641845703125,6.829193115234375,59.60248565673828,-0.11344146728515625,80.35890197753906,4.931574821472168,59.60248565673828,-0.11344051361083984,80.35890197753906,4.931576728820801
117,58.54438400268555,0.3125108480453491,88.6795654296875,6.497097015380859,57.395572662353516,-0.5786575078964233,85.14682006835938,4.899651050567627,57.395572662353516,-0.5786565542221069,85.14682006835938,4.899652481079102
118,59.01667404174805,0.6320697665214539,94.74015808105469,5.624082565307617,58.72262191772461,-0.15516692399978638,92.03673553466797,5.34193229675293,58.722625732421875,-0.15516626834869385,92.03673553466797,5.3419342041015625
119,59.63797378540039,0.6105281710624695,100.68377685546875,6.263150691986084,59.24601745605469,-0.0043756067752838135,96.15571594238281,5.070164203643799,59.24601745605469,-0.004375249147415161,96.15571594238281,5.070166110992432
120,60.505821228027344,1.125166654586792,107.178955078125,6.72720193862915,60.55929946899414,0.2884368896484375,102.50669860839844,5.354790210723877,60.55929946899414,0.28843724727630615,102.50669860839844,5.35479211807251
121,61.418968200683594,0.7011252641677856,113.75308990478516,6.421070098876953,59.73128890991211,0.040337830781936646,109.06681060791016,5.622639179229736,59.73128890991211,0.0403381884098053,109.06681060791016,5.622641086578369
122,62.46635437011719,1.393643856048584,120.21934509277344,6.511432647705078,58.854496002197266,-0.16346892714500427,112.91261291503906,5.227785587310791,58.854496002197266,-0.16346856951713562,112.91261291503906,5.227787494659424
123,63.57231521606445,0.818284273147583,126.92486572265625,6.89961051940918,59.211727142333984,-0.04775817692279816,120.97247314453125,5.857135772705078,59.211727142333984,-0.047757819294929504,120.97247314453125,5.8571367263793945
124,64.27899932861328,0.5950767993927002,133.70733642578125,6.665334701538086,63.062965393066406,0.8186855912208557,128.31503295898438,6.187229633331299,63.062965393066406,0.8186856508255005,128.31503295898438,6.187230110168457
125,65.06204986572266,0.9710243940353394,140.5099334716797,6.939871788024902,64.18040466308594,0.8850753307342529,134.24290466308594,6.129594326019287,64.18040466308594,0.8850754499435425,134.24290466308594,6.129594802856445
126,66.17930603027344,1.263487458229065,147.69387817382812,7.428018569946289,64.169921875,0.6860610246658325,143.80357360839844,6.892055511474609,64.169921875,0.6860611438751221,143.80357360839844,6.892055511474609
127,67.56301879882812,1.503936767578125,154.93515014648438,7.0545244216918945,64.74764251708984,0.6619856953620911,152.61062622070312,7.317609786987305,64.74764251708984,0.6619858145713806,152.61062622070312,7.317609786987305
128,68.97241973876953,1.3148635625839233,161.7844696044922,6.644127368927002,69.762939453125,1.629387378692627,159.7210693359375,7.271571159362793,69.762939453125,1.6293874979019165,159.7210693359375,7.271571159362793
129,70.14525604248047,1.030813217163086,167.8748321533203,5.5365800857543945,70.84122467041016,1.5069197416305542,165.2965850830078,6.894670486450195,70.84122467041016,1.5069198608398438,165.2965850830078,6.894670486450195
130,71.02442932128906,0.7275339365005493,173.61900329589844,5.9517822265625,68.10810852050781,0.5646889209747314,176.4453125,7.840017318725586,68.10810852050781,0.564689040184021,176.4453125,7.840017318725586
131,71.8989028930664,1.0214122533798218,179.7029571533203,6.216135501861572,68.7031478881836,0.5714327096939087,184.79759216308594,7.953854084014893,68.7031478881836,0.5714328289031982,184.79759216308594,7.953854084014893
132,72.61968994140625,0.4201622009277344,186.0248565673828,6.427666664123535,71.65935516357422,1.1013820171356201,184.61831665039062,6.146492004394531,71.65935516357422,1.1013821363449097,184.61831665039062,6.146492004394531
133,72.92988586425781,0.2002185434103012,192.1996307373047,5.921863555908203,71.05191802978516,0.721645712852478,192.8129425048828,6.601634979248047,71.05191802978516,0.7216458320617676,192.8129425048828,6.601634979248047
134,72.97932434082031,-0.10134406387805939,197.87246704101562,5.423825740814209,69.10444641113281,0.12850850820541382,199.16954040527344,6.547183036804199,69.10444641113281,0.12850862741470337,199.16954040527344,6.547183036804199
135,72.7563705444336,-0.3445698320865631,203.31549072265625,5.462223529815674,69.52857208251953,0.19420063495635986,207.27438354492188,6.89332914352417,69.52857208251953,0.19420075416564941,207.27438354492188,6.89332914352417
136,71.74874877929688,-1.6706736087799072,208.8731689453125,5.653136730194092,71.32929229736328,0.5512056350708008,214.76866149902344,7.02687406539917,71.32929229736328,0.5512057542800903,214.76866149902344,7.02687406539917
137,70.35787963867188,-1.11106276512146,214.3370361328125,5.2745819091796875,69.93116760253906,0.11802083253860474,217.93655395507812,6.169322967529297,69.93116760253906,0.11802095174789429,217.93655395507812,6.169322967529297
138,69.38697052001953,-0.8307559490203857,219.1393585205078,4.330049514770508,71.71605682373047,0.48843586444854736,223.05963134765625,5.936822891235352,71.71605682373047,0.4884359836578369,223.05963134765625,5.936822891235352
139,68.49349212646484,-0.9561972618103027,223.35189819335938,4.095039367675781,70.23665618896484,0.051139116287231445,226.841552734375,5.457953453063965,70.23665618896484,0.051139235496520996,226.841552734375,5.457953453063965
140,67.89579772949219,-0.2391912341117859,227.2783203125,3.7578272819519043,67.97129821777344,-0.4636377692222595,232.437255859375,5.488567352294922,67.97129821777344,-0.46363765001296997,232.437255859375,5.488567352294922
141,67.66664123535156,-0.2191229611635208,231.19371032714844,4.072942733764648,66.39717102050781,-0.7104126811027527,234.89022827148438,4.81398868560791,66.39717102050781,-0.7104125618934631,234.89022827148438,4.81398868560791
142,67.50688171386719,-0.10039985924959183,235.1205596923828,3.780768632888794,66.94853973388672,-0.4300177991390228,238.7117919921875,4.593446731567383,66.94853973388672,-0.4300176799297333,238.7117919921875,4.593446731567383
143,67.32408142089844,-0.2651952803134918,238.93093872070312,3.8399975299835205,64.14779663085938,-0.9568461179733276,240.80812072753906,4.038532257080078,64.14779663085938,-0.9568459987640381,240.80812072753906,4.038532257080078
144,67.3394546508789,0.29595157504081726,242.46258544921875,3.2232909202575684,65.42100524902344,-0.4612787961959839,248.61907958984375,4.8768510818481445,65.42100524902344,-0.46127867698669434,248.61907958984375,4.8768510818481445
145,67.94070434570312,0.9065476655960083,245.76576232910156,3.3830502033233643,66.5882797241211,-0.0993775725364685,249.99029541015625,4.0978217124938965,66.5882797241211,-0.09937745332717896,249.99029541015625,4.0978217124938965
146,69.2343521118164,1.6807496547698975,249.0516815185547,3.188774347305298,66.27987670898438,-0.14582715928554535,253.351806640625,3.934195041656494,66.27987670898438,-0.1458270400762558,253.351806640625,3.934195041656494
147,71.26386260986328,2.3782808780670166,251.96775817871094,2.643350601196289,67.42034149169922,0.14001573622226715,255.85995483398438,3.6172943115234375,67.42034149169922,0.1400158554315567,255.85995483398438,3.6172943115234375
148,73.4628677368164,2.0197372436523438,254.57077026367188,2.5626633167266846,67.10453033447266,0.03872179239988327,257.0177917480469,3.070751428604126,67.10453033447266,0.03872191160917282,257.0177917480469,3.070751428604126
149,75.33533477783203,1.7251920700073242,257.1529541015625,2.6017370223999023,72.0908203125,1.138182282447815,259.6483459472656,2.9729292392730713,72.0908203125,1.1381824016571045,259.6483459472656,2.9729292392730713
150,77.28707122802734,2.1782915592193604,259.96636962890625,3.0250492095947266,77.39183807373047,2.0632572174072266,260.6161193847656,2.5273361206054688,77.391845703125,2.0632574558258057,260.6161193847656,2.5273361206054688
151,79.59551239013672,2.438598155975342,262.92864990234375,2.8994853496551514,77.27266693115234,1.578273057937622,263.7411193847656,2.6601510047912598,77.27266693115234,1.5782727003097534,263.7411193847656,2.6601510047912598
152,82.50521850585938,3.3808200359344482,265.7973937988281,2.8380138874053955,84.29399871826172,2.787842273712158,265.36083984375,2.4289450645446777,84.29399871826172,2.787841796875,265.36083984375,2.4289450645446777
153,85.79586029052734,3.2004599571228027,268.1985168457031,1.9642572402954102,86.59758758544922,2.6802306175231934,271.3106689453125,3.211364507675171,86.59758758544922,2.680230140686035,271.3106689453125,3.211364507675171
154,89.07588195800781,3.3595831394195557,270.0178527832031,1.674397587776184,94.33866882324219,3.8048648834228516,272.4752502441406,2.7565207481384277,94.33866882324219,3.8048644065856934,272.4752502441406,2.7565207481384277
155,92.47654724121094,3.441744089126587,271.906982421875,2.103853225708008,95.49563598632812,3.2164440155029297,274.0991516113281,2.504826545715332,95.49563598632812,3.2164435386657715,274.0991516113281,2.504826545715332
156,95.93482971191406,3.4748218059539795,273.53607177734375,1.1543188095092773,96.96117401123047,2.8273539543151855,277.5299377441406,2.7105956077575684,96.96117401123047,2.8273534774780273,277.5299377441406,2.7105956077575684
157,99.58805084228516,3.831616163253784,274.2217712402344,0.21706867218017578,100.72148895263672,3.0346782207489014,275.79168701171875,1.7219603061676025,100.72148895263672,3.034677743911743,275.79168701171875,1.7219603061676025
158,103.61227416992188,4.216821670532227,273.98046875,-0.6996654272079468,105.15896606445312,3.34641170501709,276.7254943847656,1.5468162298202515,105.15896606445312,3.3464112281799316,276.7254943847656,1.5468162298202515
159,107.81864166259766,4.195915699005127,273.37164306640625,-0.5179868340492249,108.90248107910156,3.4346563816070557,277.0975036621094,1.2857469320297241,108.90248107910156,3.4346559047698975,277.0975036621094,1.2857469320297241
160,111.60272216796875,3.372244119644165,272.2850036621094,-1.6553113460540771,111.94002532958984,3.346410036087036,277.8775634765625,1.1733739376068115,111.94002532958984,3.346409559249878,277.8775634765625,1.1733739376068115
161,114.8552017211914,3.1327176094055176,270.7983703613281,-1.3179876804351807,112.73845672607422,2.7801918983459473,275.67291259765625,0.4227049946784973,112.73845672607422,2.780191421508789,275.67291259765625,0.4227049946784973
162,117.76029968261719,2.677478075027466,269.1091003417969,-2.0605616569519043,113.95278930664062,2.4322237968444824,273.3288269042969,-0.1921338438987732,113.95278930664062,2.432223320007324,273.3288269042969,-0.1921338438987732
163,120.39698791503906,2.595911741256714,266.6777038574219,-2.8022868633270264,118.7790756225586,2.964237928390503,269.4550476074219,-1.010278344154358,118.7790756225586,2.9642374515533447,269.4550476074219,-1.010278344154358
164,122.5725326538086,1.7551906108856201,264.0455322265625,-2.4620773792266846,122.57669830322266,3.1494345664978027,268.4772033691406,-1.0030689239501953,122.57669830322266,3.1494340896606445,268.4772033691406,-1.0030689239501953
165,124.58941650390625,2.278578281402588,261.3562316894531,-2.916553020477295,124.89479064941406,2.964690923690796,263.5017395019531,-1.8858180046081543,124.89479064941406,2.9646904468536377,263.5017395019531,-1.8858180046081543
166,126.5083236694336,1.5592331886291504,257.8723449707031,-4.051208019256592,126.39543151855469,2.639346122741699,261.80792236328125,-1.8431568145751953,126.39543151855469,2.639345645904541,261.80792236328125,-1.8431568145751953
167,128.11227416992188,1.6486808061599731,253.95584106445312,-3.7817845344543457,131.07212829589844,3.092090129852295,256.155517578125,-2.6896557807922363,131.07212829589844,3.0920896530151367,256.155517578125,-2.6896557807922363
168,130.4425048828125,3.011765480041504,249.84793090820312,-4.434030532836914,130.6014404296875,2.3003616333007812,253.09719848632812,-2.771583318710327,130.6014404296875,2.300361156463623,253.09719848632812,-2.771583318710327
169,133.5404052734375,3.184022903442383,245.77349853515625,-3.714816093444824,131.96556091308594,2.0923099517822266,244.77975463867188,-4.00399923324585,131.96556091308594,2.0923094749450684,244.77975463867188,-4.00399923324585
170,136.36532592773438,2.4658172130584717,241.6825408935547,-4.467108249664307,132.6229248046875,1.7734317779541016,241.07862854003906,-3.936694622039795,132.6229248046875,1.7734313011169434,241.07862854003906,-3.936694622039795
171,138.80943298339844,2.4223995208740234,237.02291870117188,-4.85214900970459,134.33084106445312,1.7588711977005005,239.17727661132812,-3.484398365020752,134.33084106445312,1.7588707208633423,239.17727661132812,-3.484398365020752
172,141.24050903320312,2.4397661685943604,231.83006286621094,-5.533562183380127,138.51010131835938,2.296736240386963,235.36341857910156,-3.5576112270355225,138.51010131835938,2.2967357635498047,235.36341857910156,-3.5576112270355225
173,143.70477294921875,2.488750696182251,226.39808654785156,-5.330380916595459,144.77725219726562,3.1790518760681152,229.1810760498047,-4.14088249206543,144.7772674560547,3.179051399230957,229.1810760498047,-4.14088249206543
174,146.17105102539062,2.4437990188598633,220.66665649414062,-6.132483959197998,146.5706024169922,2.871119737625122,222.6414031982422,-4.673947811126709,146.57061767578125,2.8711180686950684,222.6414031982422,-4.673947811126709
175,148.97708129882812,3.168243408203125,214.77731323242188,-5.646211624145508,149.95425415039062,2.9850149154663086,219.96234130859375,-4.230639934539795,149.9542694091797,2.9850120544433594,219.96234130859375,-4.230639934539795
176,152.4763946533203,3.8303747177124023,209.2314910888672,-5.445424556732178,153.24826049804688,3.0536794662475586,214.31053161621094,-4.546457767486572,153.24827575683594,3.053675413131714,214.31053161621094,-4.546457767486572
177,156.22805786132812,3.672978639602661,203.46539306640625,-6.086772918701172,155.44725036621094,2.8637490272521973,205.71038818359375,-5.447277069091797,155.447265625,2.863743782043457,205.71038818359375,-5.447277069091797
178,160.1600799560547,4.191074371337891,197.24940490722656,-6.34519624710083,156.64358520507812,2.4932119846343994,198.3712921142578,-5.867680072784424,156.64358520507812,2.493206739425659,198.3712921142578,-5.867680072784424
179,164.46302795410156,4.4148383140563965,191.03297424316406,-6.087667465209961,162.34190368652344,3.2054593563079834,191.8719482421875,-6.008050918579102,162.34190368652344,3.205454111099243,191.8719482421875,-6.008050918579102
180,168.63565063476562,3.9304165840148926,184.95059204101562,-6.077110290527344,168.20803833007812,3.796720266342163,183.60598754882812,-6.509808540344238,168.20803833007812,3.796715021133423,183.60598754882812,-6.509808540344238
181,172.94432067871094,4.686929702758789,179.16641235351562,-5.491232872009277,170.2611541748047,3.4092519283294678,178.37242126464844,-6.226197719573975,170.2611541748047,3.4092466831207275,178.37242126464844,-6.226197719573975
182,177.42872619628906,4.281860828399658,173.36036682128906,-6.120882511138916,177.46043395996094,4.251479625701904,174.7375030517578,-5.650356769561768,177.46041870117188,4.251475811004639,174.7375030517578,-5.650356769561768
183,181.88119506835938,4.623091220855713,167.7592315673828,-5.081387519836426,182.44558715820312,4.414519309997559,167.2915802001953,-6.0493693351745605,182.44558715820312,4.414516448974609,167.2915802001953,-6.0493693351745605
184,186.5418243408203,4.698172092437744,162.97772216796875,-4.481618881225586,187.87420654296875,4.639873504638672,161.14215087890625,-6.071605682373047,187.87420654296875,4.639870643615723,161.14215087890625,-6.071605682373047
185,191.01507568359375,4.248338222503662,158.82540893554688,-3.823012113571167,192.6234588623047,4.664177894592285,158.43853759765625,-5.3231635093688965,192.6234588623047,4.664175033569336,158.43853759765625,-5.3231635093688965
186,194.94114685058594,3.603820323944092,155.33029174804688,-3.1672255992889404,196.96429443359375,4.5923237800598145,154.17918395996094,-5.086759567260742,196.96429443359375,4.592321872711182,154.17918395996094,-5.086759567260742
187,198.53549194335938,3.5848710536956787,152.26104736328125,-2.971259593963623,200.3114013671875,4.315608501434326,149.2755126953125,-5.046072483062744,200.3114013671875,4.315608024597168,149.2755126953125,-5.046072483062744
188,201.8738555908203,3.0918703079223633,149.2767791748047,-2.997292995452881,205.5128631591797,4.512462615966797,147.2843017578125,-4.367215156555176,205.5128631591797,4.512462139129639,147.2843017578125,-4.367215156555176
189,204.4839630126953,2.1283397674560547,146.7074432373047,-2.141371011734009,208.3156280517578,4.1325273513793945,143.90892028808594,-4.146807670593262,208.3156280517578,4.132526874542236,143.90892028808594,-4.146807670593262
190,206.66925048828125,2.2422380447387695,144.8673553466797,-1.53879714012146,210.07171630859375,3.6044304370880127,141.93133544921875,-3.664759397506714,210.07171630859375,3.6044299602508545,141.93133544921875,-3.664759397506714
191,209.2085723876953,2.83642315864563,143.1898956298828,-1.8161041736602783,214.93331909179688,3.8838016986846924,138.9555206298828,-3.5116589069366455,214.93331909179688,3.883801221847534,138.9555206298828,-3.5116589069366455
192,211.907958984375,2.5623397827148438,141.7115936279297,-1.140500545501709,214.32504272460938,2.8855631351470947,135.60308837890625,-3.476275682449341,214.32504272460938,2.8855626583099365,135.60308837890625,-3.476275682449341
193,214.3151397705078,2.251993179321289,140.85215759277344,-0.5783605575561523,216.720947265625,2.776749610900879,134.6533966064453,-2.9148120880126953,216.720947265625,2.7767491340637207,134.6533966064453,-2.9148120880126953
194,216.3218536376953,1.7614271640777588,140.26988220214844,-0.5862001180648804,219.04537963867188,2.6762356758117676,135.789794921875,-2.0145423412323,219.04537963867188,2.6762351989746094,135.789794921875,-2.0145423412323
195,217.9450225830078,1.4848946332931519,140.3721466064453,0.7907322645187378,220.73692321777344,2.4574148654937744,138.07569885253906,-1.0588867664337158,220.73692321777344,2.457414388656616,138.07569885253906,-1.0588867664337158
196,219.23934936523438,1.1037461757659912,141.19317626953125,0.8513302206993103,222.64431762695312,2.3351895809173584,138.17221069335938,-0.8021314144134521,222.64431762695312,2.3351891040802,138.17221069335938,-0.8021314144134521
197,220.32376098632812,1.0650677680969238,141.76272583007812,0.28774702548980713,225.57958984375,2.4685428142547607,140.55474853515625,-0.09442877769470215,225.57958984375,2.4685423374176025,140.55474853515625,-0.09442877769470215
198,221.215087890625,0.7175905704498291,142.26974487304688,0.7262903451919556,226.18727111816406,2.055021047592163,141.83338928222656,0.21069693565368652,226.18727111816406,2.055020570755005,141.83338928222656,0.21069693565368652
199,221.8679962158203,0.5882182717323303,143.39663696289062,1.5274981260299683,226.4318389892578,1.6526992321014404,143.76071166992188,0.5921691060066223,226.4318389892578,1.6526987552642822,143.76071166992188,0.5921691060066223
